 loop =           0  is type =           0   0.00000000       19.0000000       0.00000000       1.30299997       0.00000000       0.00000000       0.00000000       0.00000000       0.00000000    
 loop =          -1  is type =           1   0.00000000       82.6999969       1.14900005      0.690999985       0.00000000       0.00000000       0.00000000       0.00000000       0.00000000    
 loop =          -1  is type =           2   0.00000000       0.00000000       0.00000000       0.00000000       16.7700005       1.39100003      0.695999980       0.00000000       0.00000000    
 WOUT,ITER,FALLOC = F           0 F
